15100085890
15511000026
15233839861
18303317987
18731058372
13633203202
17633397865
13739623133
13290575808
18617581825
15630035467
17734325858
15832021726
13730038561
13383208873
15931021257
18131084333
13333005515
15128009038
13400108810
13191718802
15911015379
13785087007
15133019110
17736163863
18803005250
13313108516
13131089498
18633666904
18131007702
15231876177
15533000467
18703308627
15333302576
15128025510
18730026215
15233829800
15630087237
18803203975
18832032111
13932069394
18003200691
17736168600
13731046380
15930008043
15716826275
15030096626
15231869995
18031093203
13283131171
15613008490
15544887726
15373762767
13303000567
15233805028
17733012286
15232171723
13932030013
17736135155
13131000665
18732015528
18132249900
18731095464
17732029836
15631072040
15532001113
13223113316
15631029571
18303061998
15830098178
17731056483
17631678554
17734300208
15133044553
15231899896
15230008156
15130009103
15369009776
15831009268
15614038335
18303057499
17331030307
15081793754
13733306144
18131001917
15932770885
13230087913
18103207400
13930084119
15028011704
13171770347
15613087887
17332004336
18003200681
13831037556
15232011479
17717767055
17732060746
13363088680
18231037155
15533023521
15614030613
17731038608
15175017676
15831595385
13313207871
15230004251
17736186995
18632177949
15614910883
18830070644
17703106921
15102601061
15231887225
15830086557
17736167430
18903209730
15831001563
17734318851
15612097675
15188809001
13730021619
15297510641
18330065779
15131024143
18231003026
15031096112
15833200411
13315094605
13931069631
15188808282
17734108063
13082139864
13463040415
15176071114
15128887879
13473031943
15133048186
15612067759
15102601089
15833023834
13230062016
18632009959
15631027883
15933205006
13180530715
15231066857
15033852995
15233899881
15613058577
15631038303
13001465794
17736108601
15081719870
15133009017
15188922407
15930912275
15532068654
13011548432
15713307210
15232832055
18303093149
13131059557
18812105306
15511097324
18931099798
13303304956
13653306178
15511084495
15383702368
13784249713
15831042828
15733609839
15032039622
15544717847
15233873361
17731034004
17713042773
13131078845
18511999391
15830005464
18631008747
15633100290
15303205537
15930903442
15028492819
18630043344
15630367776
15128087753
15133027145
15131019577
13080403430
15188889939
15733012425
13623203219
18931620529
13663104043
15632014877
13730412255
18303092995
17717764321
18812106776
18603306562
13286544931
15081005005
13313302371
13131037763
15030083709
13323004333
18303302870
18000302257
13082120414
13393002537
15533330313
15833014917
13303105959
17730590396
13483417908
17736189645
15227999389
18603105885
13363002165
15175036220
18531058809
15097666247
15369021136
13932081416
13451438267
13315032671
13363092837
13930094307
18849002962
13230029190
15028491194
15612080377
15081630062
13363021245
18812000108
15100038626
15081070953
13315051983
18031018734
17631328236
13333003760
13315007500
15932782238
17731035305
15630333666
18231055280
15830009447
15231018036
13082113318
17732000094
13522940199
15354301825
17631043454
15128072937
13363041668
18131030501
18348778514
13730009464
15324016463
18103303554
15031086836
13363048268
18730084151
15175417519
17703303663
18942609798
18132300833
13363008161
13931046824
15511056044
18531011986
15081035521
18812007677
17733059136
18132208907
15632073543
13393006667
13730007603
15230057831
15028086944
15544739548
15233800907
15831047389
13111319702
13313100775
18631059379
17631090742
18632055324
18831072771
18830048464
15533071302
18244609118
